1183,629 55,62
1238,632 59,57
1301,632 51,58
1355,633 54,57
1409,618 49,73
1462,634 52,58
1535,634 57,59
1597,635 119,58
1744,635 64,59
1814,636 18,58
1835,634 56,63
1893,636 54,60
1438,855 248,65
1696,859 138,63
1077,963 49,58
1750,977 69,59
1820,979 65,59
1912,980 52,61
1393,1097 51,58
1445,1098 80,59
1571,1101 42,58
1635,1101 124,66
1804,1107 55,62
1930,1112 52,61
1287,1242 49,59
1336,1229 43,72
1400,1244 36,63
1442,1247 44,58
1488,1248 30,60
1525,1245 61,69
1611,1251 48,59
1662,1254 82,61
1804,1258 110,68
1930,1260 201,90
522,1402 285,55
1143,1349 77,58
1221,1364 86,65
1321,1352 55,63
1374,1355 44,61
1519,1374 92,67
1645,1362 199,91
1857,1373 110,69
2011,1380 57,64
2137,1385 56,63
78,1482 2325,105
